10, 1, 0.8877284595300261
10, 2, 0.6547619047619049
10, 3, 0.6169844020797226
10, 4, 0.5557432432432432
10, 5, 0.5078616352201258
10, 6, 0.44233576642335776
10, 7, 0.4149377593360997
10, 8, 0.3799743260590498
10, 9, 0.3503267973856209
10, 10, 0.3502475247524753
20, 1, 0.955495004541326
20, 2, 0.8212435233160618
20, 3, 0.7583892617449652
20, 4, 0.7187250996015934
20, 5, 0.6587057010785818
20, 6, 0.613564668769716
20, 7, 0.6097922848664683
20, 8, 0.5882773409578267
20, 9, 0.5230333097094257
20, 10, 0.49390243902438974
30, 1, 0.961618257261411
30, 2, 0.8895228215767633
30, 3, 0.8479501816294758
30, 4, 0.7716574862293442
30, 5, 0.7399999999999999
30, 6, 0.724964063248682
30, 7, 0.6938775510204079
30, 8, 0.7103382563125294
30, 9, 0.6548630783758262
30, 10, 0.6642134314627411
40, 1, 0.9759292035398225
40, 2, 0.9070432606363964
40, 3, 0.8704353932584271
40, 4, 0.8248038849458352
40, 5, 0.8138948884089275
40, 6, 0.8001407459535542
40, 7, 0.7734982332155481
40, 8, 0.7658402203856752
40, 9, 0.7514143094841932
40, 10, 0.7317560813062313
50, 1, 0.9789220917822843
50, 2, 0.9354665232589408
50, 3, 0.8907952069716778
50, 4, 0.8600522193211492
50, 5, 0.853951890034364
50, 6, 0.829728989871338
50, 7, 0.8095999999999998
50, 8, 0.8016910069177549
50, 9, 0.789319872476089
50, 10, 0.7724028548770812
60, 1, 0.9826491747778251
60, 2, 0.9305586467838873
60, 3, 0.8950842057350941
60, 4, 0.878822455499772
60, 5, 0.8713066316480631
60, 6, 0.8427131457370853
60, 7, 0.8467607973421928
60, 8, 0.8377077865266842
60, 9, 0.8180072541071051
60, 10, 0.789604472975772
70, 1, 0.9844577887672197
70, 2, 0.948608964451314
70, 3, 0.9281614515830398
70, 4, 0.8965761930104661
70, 5, 0.8776978417266187
70, 6, 0.8621845425867511
70, 7, 0.845201827875095
70, 8, 0.8468386627906976
70, 9, 0.8224227298905743
70, 10, 0.8234966592427614
80, 1, 0.9871891484551625
80, 2, 0.9537207872078726
80, 3, 0.9274394033561217
80, 4, 0.9030921262352564
80, 5, 0.8886568123393315
80, 6, 0.8902685084587931
80, 7, 0.8855775169857938
80, 8, 0.8675981370592143
80, 9, 0.8608843013403178
80, 10, 0.8396313364055299
90, 1, 0.9888888888888884
90, 2, 0.9542047158239056
90, 3, 0.9346060113728669
90, 4, 0.9173588039867105
90, 5, 0.90781954887218
90, 6, 0.8979563845837328
90, 7, 0.881501265111048
90, 8, 0.8744205646860509
90, 9, 0.861157253599114
90, 10, 0.859103260869565
100, 1, 0.9899130434782608
100, 2, 0.9527896995708154
100, 3, 0.939102564102564
100, 4, 0.9260149234855191
100, 5, 0.9170144856371225
100, 6, 0.8957624901909499
100, 7, 0.8991525423728811
100, 8, 0.8849329205366359
100, 9, 0.8785926021394509
100, 10, 0.8739827668741016

