10, 1, 0.8941504178272984
10, 2, 0.7583148558758314
10, 3, 0.6908713692946059
10, 4, 0.5868372943327241
10, 5, 0.5927272727272729
10, 6, 0.5362068965517243
10, 7, 0.5295138888888892
10, 8, 0.4528925619834711
10, 9, 0.4546899841017489
10, 10, 0.4145962732919255
20, 1, 0.9459706959706962
20, 2, 0.8791887125220456
20, 3, 0.8075240594925636
20, 4, 0.7514743049705143
20, 5, 0.7351443123938876
20, 6, 0.7038875103391234
20, 7, 0.6785714285714283
20, 8, 0.6882160392798689
20, 9, 0.6655974338412185
20, 10, 0.6262214983713349
30, 1, 0.9630208333333342
30, 2, 0.894849785407725
30, 3, 0.8629921259842518
30, 4, 0.8431876606683798
30, 5, 0.830227743271221
30, 6, 0.7942073170731705
30, 7, 0.7942511346444776
30, 8, 0.7732360097323594
30, 9, 0.7622070312499998
30, 10, 0.7508450024142923
40, 1, 0.9759292035398228
40, 2, 0.9350000000000004
40, 3, 0.895714285714286
40, 4, 0.8860894251242022
40, 5, 0.8713349430838229
40, 6, 0.8373171601855153
40, 7, 0.8177810433504782
40, 8, 0.8198462101794219
40, 9, 0.7971334068357228
40, 10, 0.7937365010799142
50, 1, 0.9790061121445659
50, 2, 0.9441192123469929
50, 3, 0.9223904813412654
50, 4, 0.9091891891891888
50, 5, 0.8766686012768429
50, 6, 0.8680495534428116
50, 7, 0.8591830905455581
50, 8, 0.8515497553017952
50, 9, 0.8385020479812758
50, 10, 0.8274813381255184
60, 1, 0.9815051020408165
60, 2, 0.9559668155711559
60, 3, 0.9317721233956321
60, 4, 0.9206896551724146
60, 5, 0.8900598802395217
60, 6, 0.8859228838694964
60, 7, 0.8880463871543267
60, 8, 0.8653254437869832
60, 9, 0.8685241619503702
60, 10, 0.8363146287674591
70, 1, 0.9855684618092223
70, 2, 0.9585195780439838
70, 3, 0.944064980616577
70, 4, 0.9291456346980745
70, 5, 0.9187533777697711
70, 6, 0.8989177047171736
70, 7, 0.8991988075274827
70, 8, 0.8856159143075747
70, 9, 0.8735765296274843
70, 10, 0.8749028749028748
80, 1, 0.9870812678383655
80, 2, 0.9636418724435694
80, 3, 0.9472573839662449
80, 4, 0.9337225816632474
80, 5, 0.9208871812783798
80, 6, 0.9176809737347853
80, 7, 0.9088804365801226
80, 8, 0.8909436571033531
80, 9, 0.8907563025210087
80, 10, 0.8788987628506711
90, 1, 0.9884680906827408
90, 2, 0.9698350985386772
90, 3, 0.9519921160073205
90, 4, 0.9404291360813094
90, 5, 0.9259823332317996
90, 6, 0.9195648843266431
90, 7, 0.9144900043776443
90, 8, 0.9090778305279806
90, 9, 0.9022160664819943
90, 10, 0.8973953086775073
100, 1, 0.9897959183673473
100, 2, 0.9697356215213356
100, 3, 0.9583579794155915
100, 4, 0.9429652832158703
100, 5, 0.9412935323383081
100, 6, 0.9250523377529657
100, 7, 0.9188734762505255
100, 8, 0.9124658069558418
100, 9, 0.9100474785063518
100, 10, 0.9039301310043668

