10, 1, 0
10, 2, 0.06382978723404252
10, 3, 0.23655913978494608
10, 4, 0.4480519480519489
10, 5, 0.5404040404040413
10, 6, 0.6849315068493154
10, 7, 0.748071979434448
10, 8, 0.782961460446248
10, 9, 0.8157894736842097
10, 10, 0.8499999999999965
20, 1, 0
20, 2, 0.060606060606060594
20, 3, 0.32291666666666663
20, 4, 0.47058823529411853
20, 5, 0.5467289719626173
20, 6, 0.6620689655172411
20, 7, 0.7474226804123694
20, 8, 0.7797619047619055
20, 9, 0.8371385083713818
20, 10, 0.8580729166666664
30, 1, 0
30, 2, 0.10204081632653057
30, 3, 0.2389380530973451
30, 4, 0.43661971830985974
30, 5, 0.5991561181434605
30, 6, 0.6498316498316499
30, 7, 0.7322404371584686
30, 8, 0.7918367346938772
30, 9, 0.8107142857142867
30, 10, 0.8437499999999962
40, 1, 0
40, 2, 0.0714285714285714
40, 3, 0.34408602150537626
40, 4, 0.4335664335664347
40, 5, 0.6000000000000011
40, 6, 0.688102893890675
40, 7, 0.7386666666666646
40, 8, 0.8029350104821774
40, 9, 0.8432956381260098
40, 10, 0.8380102040816335
50, 1, 0
50, 2, 0.12499999999999997
50, 3, 0.3195876288659792
50, 4, 0.42142857142857226
50, 5, 0.614035087719299
50, 6, 0.6666666666666677
50, 7, 0.7703703703703697
50, 8, 0.8011152416356886
50, 9, 0.8467874794069182
50, 10, 0.8545918367346933
60, 1, 0
60, 2, 0
60, 3, 0.3157894736842105
60, 4, 0.41333333333333433
60, 5, 0.5727699530516446
60, 6, 0.6845637583892623
60, 7, 0.75862068965517
60, 8, 0.8008565310492514
60, 9, 0.8376205787781327
60, 10, 0.853403141361255
70, 1, 0
70, 2, 0.1063829787234042
70, 3, 0.212121212121212
70, 4, 0.47058823529411886
70, 5, 0.5848214285714292
70, 6, 0.6655518394648835
70, 7, 0.741333333333335
70, 8, 0.7741273100616011
70, 9, 0.8390625000000016
70, 10, 0.8596491228070153
80, 1, 0
80, 2, 0.10416666666666662
80, 3, 0.23157894736842088
80, 4, 0.46540880503144777
80, 5, 0.5865384615384618
80, 6, 0.6532846715328484
80, 7, 0.7465181058495828
80, 8, 0.7893660531697347
80, 9, 0.8197767145135552
80, 10, 0.8567530695770775
90, 1, 0
90, 2, 0.1304347826086956
90, 3, 0.2783505154639173
90, 4, 0.42465753424657615
90, 5, 0.5734597156398116
90, 6, 0.6872852233676985
90, 7, 0.7353689567430016
90, 8, 0.7700205338809056
90, 9, 0.8319738988580737
90, 10, 0.8703465982028268
100, 1, 0
100, 2, 0.02564102564102563
100, 3, 0.20238095238095222
100, 4, 0.45070422535211363
100, 5, 0.5594059405940599
100, 6, 0.65492957746479
100, 7, 0.7471910112359528
100, 8, 0.8116232464929867
100, 9, 0.8216560509554152
100, 10, 0.8648293963254625