10, 1, 0.9000000000000001
10, 2, 0.7390438247011952
10, 3, 0.5434083601286172
10, 4, 0.5414781297134237
10, 5, 0.4491978609625668
10, 6, 0.37677419354838704
10, 7, 0.34648581997533895
10, 8, 0.33541147132169585
10, 9, 0.30205949656750564
10, 10, 0.29072398190045257
20, 1, 0.9461400359066429
20, 2, 0.818786367414796
20, 3, 0.698504983388704
20, 4, 0.6898148148148149
20, 5, 0.6127596439169137
20, 6, 0.5459259259259259
20, 7, 0.5568022440392705
20, 8, 0.5226165622825326
20, 9, 0.5169886742171879
20, 10, 0.51010781671159
30, 1, 0.9677419354838711
30, 2, 0.8666666666666669
30, 3, 0.8287917737789202
30, 4, 0.7529069767441856
30, 5, 0.7379182156133826
30, 6, 0.684731385485391
30, 7, 0.6616041765543428
30, 8, 0.6362372567191845
30, 9, 0.6752698263725952
30, 10, 0.6373864128083084
40, 1, 0.9757383966244727
40, 2, 0.8820928518791449
40, 3, 0.8421985815602842
40, 4, 0.810886252616888
40, 5, 0.7979238754325265
40, 6, 0.7608396421197526
40, 7, 0.7638570022958348
40, 8, 0.7244759972954703
40, 9, 0.6958224543080944
40, 10, 0.6949611092323305
50, 1, 0.9797710939579453
50, 2, 0.9235374149659865
50, 3, 0.8844432745459327
50, 4, 0.8356050069541027
50, 5, 0.8199737187910647
50, 6, 0.8157825283716018
50, 7, 0.7921874999999994
50, 8, 0.780194472876151
50, 9, 0.7639327024185063
50, 10, 0.7540363269424817
60, 1, 0.9830508474576273
60, 2, 0.930161501527718
60, 3, 0.8959575878064947
60, 4, 0.85439256472671
60, 5, 0.8512963359760021
60, 6, 0.8311688311688313
60, 7, 0.819094404100812
60, 8, 0.8190260008254232
60, 9, 0.7977257817625197
60, 10, 0.7825641025641029
70, 1, 0.9860866502289541
70, 2, 0.9410077102384797
70, 3, 0.904089757509953
70, 4, 0.8907754244705057
70, 5, 0.8792086081221799
70, 6, 0.8653979238754327
70, 7, 0.8358500621780068
70, 8, 0.8287130530567285
70, 9, 0.8081478822684852
70, 10, 0.8052698068940627
80, 1, 0.9867828176629617
80, 2, 0.9409045889732586
80, 3, 0.9187151753523439
80, 4, 0.9000155255395127
80, 5, 0.8766871165644171
80, 6, 0.8662637532930423
80, 7, 0.8491298943443134
80, 8, 0.850283785856727
80, 9, 0.8381928868952253
80, 10, 0.8337415358017579
90, 1, 0.9878048780487804
90, 2, 0.9485955056179766
90, 3, 0.9340052464448425
90, 4, 0.9176204418418944
90, 5, 0.8958103638368241
90, 6, 0.8823932092004378
90, 7, 0.8668046928916486
90, 8, 0.8608379361444161
90, 9, 0.8435842293906807
90, 10, 0.8465264323277056
100, 1, 0.9898041941837563
100, 2, 0.9532038345105954
100, 3, 0.9361214896950704
100, 4, 0.9121355397951143
100, 5, 0.9098331558395456
100, 6, 0.890893678856866
100, 7, 0.8782355085672624
100, 8, 0.8700074423220046
100, 9, 0.8720626631853783
100, 10, 0.8609855334538882

