10, 1, 0.8969072164948456
10, 2, 0.7113594040968345
10, 3, 0.6695501730103807
10, 4, 0.5651465798045603
10, 5, 0.5485436893203882
10, 6, 0.5046874999999998
10, 7, 0.46210995542347694
10, 8, 0.482225656877898
10, 9, 0.42313323572474376
10, 10, 0.4374100719424461
20, 1, 0.94578313253012
20, 2, 0.8611963190184037
20, 3, 0.8056171470805603
20, 4, 0.7630434782608684
20, 5, 0.734042553191489
20, 6, 0.7136596055514965
20, 7, 0.6908077994428959
20, 8, 0.6506276150627609
20, 9, 0.6696065128900941
20, 10, 0.6380753138075307
30, 1, 0.9652715939447906
30, 2, 0.9030192131747488
30, 3, 0.8611743286299506
30, 4, 0.8365209471766852
30, 5, 0.8103448275862073
30, 6, 0.7875939849624057
30, 7, 0.7866607773851592
30, 8, 0.7558188743123152
30, 9, 0.7210982658959535
30, 10, 0.7179015186378274
40, 1, 0.9744627841793831
40, 2, 0.9197174052665383
40, 3, 0.9055395453089983
40, 4, 0.8767402376910024
40, 5, 0.8613207547169814
40, 6, 0.8361796331435803
40, 7, 0.8309131978057437
40, 8, 0.8204719387755107
40, 9, 0.7963993453355155
40, 10, 0.78202614379085
50, 1, 0.9801102324466807
50, 2, 0.9386028523084361
50, 3, 0.9145665322580641
50, 4, 0.9018915510718785
50, 5, 0.8761854583772393
50, 6, 0.8568335588633285
50, 7, 0.8506113769271666
50, 8, 0.8372495671531041
50, 9, 0.8235294117647056
50, 10, 0.8264208909370198
60, 1, 0.982958946553059
60, 2, 0.9513145082765326
60, 3, 0.9305928527163804
60, 4, 0.909818794774546
60, 5, 0.8922536756638134
60, 6, 0.8808864265927973
60, 7, 0.8729329852045256
60, 8, 0.8496804055543311
60, 9, 0.840146991272393
60, 10, 0.835180924492784
70, 1, 0.985363473735568
70, 2, 0.957116636075422
70, 3, 0.9371231696813095
70, 4, 0.9215141517624587
70, 5, 0.9090582959641252
70, 6, 0.8990744037023848
70, 7, 0.8806240928882442
70, 8, 0.8814954553249874
70, 9, 0.8617459722742598
70, 10, 0.8504304160688672
80, 1, 0.9871454520050305
80, 2, 0.9616306954436448
80, 3, 0.9433012583271653
80, 4, 0.9332531569452798
80, 5, 0.9138164578394857
80, 6, 0.9015957446808517
80, 7, 0.8996175908221805
80, 8, 0.8903037741638536
80, 9, 0.876444159178434
80, 10, 0.8627734877734876
90, 1, 0.9883076923076934
90, 2, 0.9652909251546133
90, 3, 0.9497585801905265
90, 4, 0.9391549295774649
90, 5, 0.9268736017897097
90, 6, 0.9210106382978731
90, 7, 0.9071954210956666
90, 8, 0.8933102652825838
90, 9, 0.8975759190197127
90, 10, 0.8925906869050686
100, 1, 0.9899255365746829
100, 2, 0.9690426352319054
100, 3, 0.9566950935873294
100, 4, 0.945436630126863
100, 5, 0.9360639360639355
100, 6, 0.9256716058306221
100, 7, 0.9161881490531459
100, 8, 0.9117958367634948
100, 9, 0.900810979413599
100, 10, 0.8872017353579184

