10, 1, 0
10, 2, 0.14062499999999992
10, 3, 0.38759689922480617
10, 4, 0.5852534562211996
10, 5, 0.7142857142857154
10, 6, 0.7926565874729997
10, 7, 0.8010204081632665
10, 8, 0.8630303030303019
10, 9, 0.8866279069767437
10, 10, 0.9111600587371521
20, 1, 0
20, 2, 0.17647058823529396
20, 3, 0.4210526315789477
20, 4, 0.5915492957746491
20, 5, 0.6974522292993629
20, 6, 0.807539682539681
20, 7, 0.8257328990228033
20, 8, 0.858851674641146
20, 9, 0.8755935422602072
20, 10, 0.9139072847682167
30, 1, 0
30, 2, 0.10169491525423724
30, 3, 0.35820895522388085
30, 4, 0.5964912280701765
30, 5, 0.6759259259259257
30, 6, 0.7777777777777763
30, 7, 0.8366336633663376
30, 8, 0.8612143742255236
30, 9, 0.8914590747330976
30, 10, 0.9051042415528389
40, 1, 0
40, 2, 0.176470588235294
40, 3, 0.4701492537313436
40, 4, 0.5952380952380955
40, 5, 0.6851851851851838
40, 6, 0.7777777777777752
40, 7, 0.837753510140406
40, 8, 0.8757327080890978
40, 9, 0.8814814814814814
40, 10, 0.9190751445086709
50, 1, 0
50, 2, 0.16363636363636355
50, 3, 0.41322314049586756
50, 4, 0.5707964601769919
50, 5, 0.7406249999999993
50, 6, 0.7753303964757691
50, 7, 0.8400673400673409
50, 8, 0.855247285886611
50, 9, 0.8993352326685654
50, 10, 0.9075757575757571
60, 1, 0
60, 2, 0.16949152542372867
60, 3, 0.4366197183098598
60, 4, 0.5485436893203897
60, 5, 0.6899696048632213
60, 6, 0.7782909930715936
60, 7, 0.8449999999999982
60, 8, 0.8695136417556322
60, 9, 0.8921568627450978
60, 10, 0.9183370452858214
70, 1, 0
70, 2, 0.11764705882352937
70, 3, 0.5244755244755249
70, 4, 0.5714285714285721
70, 5, 0.7093750000000015
70, 6, 0.764172335600905
70, 7, 0.8293918918918911
70, 8, 0.8640776699029111
70, 9, 0.887174541947922
70, 10, 0.9200278164116834
80, 1, 0
80, 2, 0.13559322033898297
80, 3, 0.37795275590551175
80, 4, 0.5357142857142868
80, 5, 0.7398119122257063
80, 6, 0.7845804988662124
80, 7, 0.8233333333333352
80, 8, 0.8462515883100381
80, 9, 0.8924339106654495
80, 10, 0.9051657671549745
90, 1, 0
90, 2, 0.09836065573770487
90, 3, 0.40983606557377045
90, 4, 0.5642201834862401
90, 5, 0.6881355932203392
90, 6, 0.7612612612612615
90, 7, 0.8032520325203253
90, 8, 0.8589306029579075
90, 9, 0.8762983947119906
90, 10, 0.9025604551920342
100, 1, 0
100, 2, 0.13333333333333328
100, 3, 0.479674796747968
100, 4, 0.570776255707763
100, 5, 0.7224080267558536
100, 6, 0.7445414847161543
100, 7, 0.8341307814992039
100, 8, 0.858974358974359
100, 9, 0.8957169459962742
100, 10, 0.9123065585851154

