10, 0.01, 0.09090909090909091
10, 0.02, 0.06976744186046507
10, 0.03, 0.13114754098360645
10, 0.04, 0.2083333333333332
10, 0.05, 0.23333333333333317
10, 0.06, 0.23655913978494608
10, 0.07, 0.28571428571428564
10, 0.08, 0.31932773109243684
10, 0.09, 0.3636363636363636
10, 0.1, 0.38759689922480617
20, 0.01, 0.03448275862068964
20, 0.02, 0.11363636363636359
20, 0.03, 0.2678571428571427
20, 0.04, 0.21621621621621606
20, 0.05, 0.2409638554216866
20, 0.06, 0.32291666666666663
20, 0.07, 0.28571428571428564
20, 0.08, 0.36697247706422026
20, 0.09, 0.41599999999999987
20, 0.1, 0.4210526315789477
30, 0.01, 0
30, 0.02, 0.1794871794871794
30, 0.03, 0.13793103448275854
30, 0.04, 0.09589041095890405
30, 0.05, 0.21590909090909075
30, 0.06, 0.2389380530973451
30, 0.07, 0.3177570093457942
30, 0.08, 0.35294117647058804
30, 0.09, 0.3629032258064517
30, 0.1, 0.35820895522388085
40, 0.01, 0.07142857142857144
40, 0.02, 0.12962962962962957
40, 0.03, 0.11320754716981123
40, 0.04, 0.1343283582089551
40, 0.05, 0.19565217391304332
40, 0.06, 0.34408602150537626
40, 0.07, 0.30927835051546376
40, 0.08, 0.23958333333333323
40, 0.09, 0.3385826771653545
40, 0.1, 0.4701492537313436
50, 0.01, 0.03448275862068964
50, 0.02, 0.07142857142857138
50, 0.03, 0.15151515151515138
50, 0.04, 0.12658227848101253
50, 0.05, 0.24137931034482743
50, 0.06, 0.3195876288659792
50, 0.07, 0.27722772277227714
50, 0.08, 0.2952380952380951
50, 0.09, 0.38793103448275856
50, 0.1, 0.41322314049586756
60, 0.01, 0.04166666666666667
60, 0.02, 0.059999999999999956
60, 0.03, 0.10447761194029845
60, 0.04, 0.2272727272727271
60, 0.05, 0.2022471910112358
60, 0.06, 0.3157894736842105
60, 0.07, 0.26363636363636356
60, 0.08, 0.39639639639639634
60, 0.09, 0.37096774193548376
60, 0.1, 0.4366197183098598
70, 0.01, 0.07407407407407407
70, 0.02, 0.07692307692307687
70, 0.03, 0.10344827586206892
70, 0.04, 0.162162162162162
70, 0.05, 0.18390804597701133
70, 0.06, 0.212121212121212
70, 0.07, 0.3061224489795917
70, 0.08, 0.23255813953488363
70, 0.09, 0.30894308943089416
70, 0.1, 0.5244755244755249
80, 0.01, 0
80, 0.02, 0.14583333333333326
80, 0.03, 0.14545454545454536
80, 0.04, 0.12676056338028158
80, 0.05, 0.17073170731707304
80, 0.06, 0.23157894736842088
80, 0.07, 0.3084112149532709
80, 0.08, 0.2909090909090908
80, 0.09, 0.36440677966101687
80, 0.1, 0.37795275590551175
90, 0.01, 0.04166666666666666
90, 0.02, 0.08695652173913038
90, 0.03, 0.12499999999999993
90, 0.04, 0.18749999999999983
90, 0.05, 0.2613636363636362
90, 0.06, 0.2783505154639173
90, 0.07, 0.29245283018867907
90, 0.08, 0.30909090909090897
90, 0.09, 0.35245901639344246
90, 0.1, 0.40983606557377045
100, 0.01, 0.09523809523809522
100, 0.02, 0.044444444444444425
100, 0.03, 0.07999999999999995
100, 0.04, 0.18421052631578932
100, 0.05, 0.159090909090909
100, 0.06, 0.20238095238095222
100, 0.07, 0.26999999999999985
100, 0.08, 0.26548672566371667
100, 0.09, 0.2991452991452991
100, 0.1, 0.479674796747968

